-1.153625
-0.993325
-0.896300
-0.826075
-0.728225
-0.643800
-0.546450
-0.551725
-0.528975
-0.507175
-0.483025
-0.481275
-0.432475
-0.377825
-0.354100
-0.314950
-0.288450
-0.279900
-0.274450
-0.270375
-0.267825
-0.247175
-0.169675
-0.085625
0.016775
0.120050
0.182275
0.218675
0.309500
0.342425
0.393400
0.403825
0.470275
0.540975
0.590850
0.606600
0.607625
0.667775
0.681975
0.726075
0.771500
0.781075
0.832750
0.883775
0.933825
0.957900
0.985900
1.034225
1.038025
1.086525
1.086600
1.126675
1.130625
1.130675
1.158775
1.168375
1.179450
1.199350
1.202125
1.212675
1.232175
1.243225
1.256200
1.263375
1.271525
1.273200
1.278125
1.281200
1.281500
1.275675
1.275325
1.272175
1.260275
1.249925
1.241450
1.219250
1.199100
1.193075
1.169650
1.146750
1.132375
1.132150
1.164825
1.205025
1.245125
1.285000
1.324600
1.362725
1.399725
1.412125
1.382225
1.346100
1.301000
1.261500
1.223475
1.184575
1.145450
1.106200
1.066600
1.027250
0.985050
0.940000
0.903775
0.865375
0.832025
0.793075
0.756950
0.719275
0.691075
0.688075
0.675250
0.668875
0.666050
0.664950
0.664350
0.664050
0.664400
0.664925
0.665350
0.665750
0.666550
0.667400
0.668150
0.668650
0.668850
0.669075
0.669400
0.669075
0.669200
0.668350
0.667675
0.667425
0.666250
0.665625
0.664575
0.663475
0.663450
0.664750
0.665225
0.666050
0.667175
0.668175
0.669050
0.669750
0.670550
0.671075
0.671625
0.671675
0.672375
0.672250
0.672700
0.672800
0.673125
0.673000
0.673850
0.674675
0.676525
0.677425
0.684850
0.686175
0.698775
0.705525
0.709050
0.716650
0.723050
0.725825
0.726300
0.724325
0.723300
0.718175
0.714900
0.711250
0.710075
0.709350
0.707425
0.705850
0.704575
0.703650
0.704425
0.705200
0.702950
0.701500
0.699800
0.697875
0.696925
0.695650
0.693950
0.692425
0.691400
0.690300
0.689050
0.687725
0.686375
0.684900
0.683725
0.681925
0.680300
0.678025
0.677300
-1.153625
-0.993325
-0.896275
-0.826075
-0.728150
-0.643625
-0.543650
-0.549275
-0.528875
-0.511475
-0.486575
-0.481175
-0.432350
-0.377675
-0.351150
-0.314750
-0.291525
-0.282450
-0.276875
-0.272700
-0.269725
-0.246950
-0.169425
-0.085675
-0.031375
0.017175
0.120925
0.134400
0.219950
0.311250
0.394925
0.472300
0.499750
0.543175
0.551300
0.609000
0.643900
0.670050
0.717775
0.728575
0.783100
0.787900
0.834625
0.884775
0.934325
0.955700
0.984150
1.007225
1.033600
1.072725
1.077050
1.096050
1.116625
1.120550
1.139975
1.149875
1.161825
1.179100
1.188775
1.199500
1.201300
1.203375
1.211950
1.214975
1.218775
1.217525
1.212825
1.204775
1.201425
1.185900
1.165650
1.158950
1.156725
1.136425
1.111450
1.087450
1.073750
1.081600
1.120200
1.157950
1.196275
1.234400
1.272575
1.310725
1.347325
1.315800
1.282275
1.237925
1.198650
1.160475
1.122200
1.083650
1.044500
1.002800
0.959225
0.911675
0.874000
0.836700
0.805300
0.766925
0.731775
0.696300
0.675150
0.669450
0.659175
0.654925
0.652925
0.652350
0.652500
0.652600
0.652950
0.653850
0.654250
0.655300
0.656025
0.656450
0.657300
0.658175
0.659125
0.659475
0.659575
0.659925
0.659750
0.659475
0.659300
0.658925
0.658275
0.657475
0.656700
0.655875
0.655725
0.661475
0.661825
0.661750
0.661975
0.661875
0.662175
0.662075
0.662075
0.662050
0.662150
0.662100
0.662225
0.662050
0.662350
0.662350
0.662225
0.662025
0.662625
0.663300
0.664200
0.665775
0.673275
0.682600
0.687225
0.689775
0.698600
0.707275
0.712375
0.715450
0.715675
0.712825
0.712025
0.710825
0.707975
0.704650
0.702175
0.700575
0.699075
0.698275
0.696900
0.695950
0.694400
0.694550
0.696200
0.697625
0.696900
0.695775
0.693375
0.692225
0.690775
0.689875
0.688150
0.686525
0.685600
0.683700
0.681725
0.680050
0.677875
0.675525
0.673175
0.671100
0.668950
0.667025
-1.153600
-0.993325
-0.895925
-0.826050
-0.728050
-0.643425
-0.541200
-0.546475
-0.528375
-0.516150
-0.490475
-0.481075
-0.432225
-0.377500
-0.348225
-0.314525
-0.294600
-0.285350
-0.279275
-0.275025
-0.272000
-0.247075
-0.169475
-0.085325
-0.081550
0.017625
0.070600
0.122175
0.221300
0.307850
0.313050
0.396875
0.441050
0.474450
0.545525
0.596450
0.611575
0.615800
0.670075
0.672850
0.680850
0.730950
0.785750
0.830100
0.836775
0.850775
0.886075
0.933700
0.935325
0.981275
1.025625
1.044525
1.063475
1.078300
1.097850
1.101775
1.120375
1.125525
1.132825
1.141525
1.145175
1.145375
1.152125
1.155150
1.155650
1.152100
1.148700
1.148350
1.139125
1.126075
1.121875
1.111900
1.091125
1.067825
1.065250
1.059825
1.036025
1.023700
1.033850
1.072925
1.111000
1.148025
1.184850
1.220100
1.257650
1.282800
1.272600
1.232000
1.196700
1.155400
1.116775
1.078550
1.041325
1.015850
0.978225
0.937325
0.891650
0.854675
0.817625
0.786525
0.748225
0.713075
0.678575
0.659350
0.653625
0.644475
0.641050
0.639950
0.639925
0.639875
0.640850
0.641375
0.642825
0.642825
0.643850
0.644925
0.645325
0.646550
0.647450
0.648450
0.649175
0.650050
0.650225
0.650625
0.650650
0.650425
0.649925
0.649475
0.649050
0.648650
0.648275
0.648025
0.649675
0.650125
0.650650
0.651200
0.651500
0.651625
0.651950
0.651950
0.652000
0.652075
0.651750
0.651700
0.651775
0.651475
0.651500
0.651200
0.651150
0.651725
0.651675
0.661000
0.666675
0.678325
0.689450
0.689525
0.689825
0.698550
0.704175
0.705150
0.705350
0.706425
0.704075
0.702200
0.702675
0.699575
0.697650
0.695325
0.694625
0.693875
0.693450
0.693075
0.692550
0.692350
0.693050
0.693425
0.690000
0.687300
0.686050
0.685000
0.683650
0.682350
0.680850
0.679450
0.678175
0.676750
0.675125
0.673550
0.671800
0.670100
0.668375
0.666675
0.665275
0.662725
0.659900
0.657575
-1.153600
-0.993300
-0.895900
-0.826050
-0.727975
-0.643200
-0.538400
-0.544025
-0.527800
-0.520450
-0.494025
-0.480975
-0.432075
-0.377300
-0.345625
-0.314625
-0.297700
-0.287900
-0.281700
-0.277350
-0.273900
-0.246800
-0.169175
-0.084600
0.018125
0.019625
0.123450
0.223100
0.263250
0.314975
0.399300
0.477075
0.509375
0.548025
0.558850
0.614350
0.641725
0.675550
0.705950
0.733950
0.782200
0.787950
0.838500
0.857200
0.886250
0.931600
0.955050
0.974850
0.998225
1.013925
1.029025
1.043625
1.045425
1.061325
1.072150
1.073400
1.082150
1.088800
1.089275
1.093875
1.094250
1.094050
1.093550
1.088575
1.080600
1.080225
1.075500
1.062125
1.042100
1.041825
1.029900
1.007325
0.990400
0.982450
1.019475
1.053925
1.088400
1.123175
1.164900
1.200225
1.219575
1.201500
1.168125
1.133450
1.094000
1.057725
1.021850
0.984175
0.943825
0.899000
0.863025
0.825050
0.790700
0.760175
0.721925
0.688025
0.651575
0.642975
0.638325
0.634025
0.631750
0.630275
0.629400
0.629025
0.628975
0.629100
0.629225
0.629675
0.630475
0.630975
0.631500
0.631875
0.632475
0.632775
0.632950
0.633350
0.633550
0.633825
0.634050
0.634200
0.634425
0.634975
0.635300
0.635600
0.635800
0.636225
0.636325
0.636475
0.636650
0.636850
0.637050
0.637200
0.637525
0.638275
0.638900
0.639600
0.640025
0.640725
0.641100
0.641100
0.641300
0.641350
0.641525
0.641325
0.641325
0.640975
0.640425
0.640175
0.639575
0.639325
0.638550
0.638325
0.637575
0.637275
0.636525
0.635750
0.645800
0.645500
0.645725
0.646325
0.646875
0.647625
0.648100
0.648325
0.648350
0.648725
0.648750
0.648875
0.648950
0.647400
0.646575
0.646100
0.645925
0.645550
0.654525
0.665750
0.668750
0.670400
0.680250
0.689100
0.690225
0.692725
0.694425
0.695250
0.695750
0.693425
0.692350
0.690475
0.685700
0.684900
0.684150
0.683700
0.683400
0.683400
0.682875
0.682950
0.681875
0.681400
0.678600
0.677600
0.676325
0.674800
0.673675
0.672375
0.670900
0.669650
0.668350
0.666900
0.665350
0.664025
0.662350
0.661300
0.659200
0.657375
0.654775
0.652675
0.649950
0.647675
-1.153575
-0.993300
-0.895875
-0.826025
-0.727525
-0.642925
-0.535600
-0.541225
-0.527175
-0.524775
-0.497575
-0.480850
-0.431900
-0.377075
-0.342675
-0.314350
-0.300775
-0.290775
-0.284125
-0.279350
-0.276150
-0.246500
-0.168800
-0.089525
-0.083825
0.019700
0.125175
0.224950
0.317325
0.386425
0.401850
0.444200
0.479850
0.543000
0.551100
0.589025
0.617350
0.658800
0.678525
0.720725
0.736925
0.790500
0.839500
0.849675
0.884950
0.898250
0.926650
0.932100
0.964950
0.986500
0.997650
1.009175
1.019750
1.020125
1.026525
1.032600
1.035050
1.038000
1.038600
1.035825
1.035275
1.029475
1.020275
1.017725
1.016250
1.002050
0.983600
0.976500
0.960200
0.947175
0.945875
0.981350
1.016425
1.053675
1.089375
1.128675
1.156250
1.148450
1.111300
1.076450
1.036975
0.999625
0.983275
0.967250
0.929325
0.888300
0.843125
0.806800
0.772375
0.741475
0.702975
0.668850
0.633275
0.623425
0.619225
0.614450
0.612775
0.612725
0.613750
0.614725
0.616100
0.617575
0.619825
0.622075
0.624450
0.625550
0.627225
0.628275
0.629300
0.630125
0.630775
0.631350
0.631800
0.632025
0.631825
0.631700
0.631800
0.631650
0.632050
0.632825
0.633100
0.633225
0.633475
0.633375
0.633250
0.633150
0.632850
0.633225
0.633750
0.634025
0.634750
0.634825
0.634875
0.634900
0.634675
0.634525
0.634525
0.633825
0.633450
0.632975
0.632250
0.631625
0.630900
0.629675
0.628675
0.627775
0.626325
0.624725
0.623100
0.621925
0.620000
0.617650
0.615250
0.613100
0.610475
0.608700
0.658400
0.657075
0.658175
0.659000
0.659900
0.660850
0.661825
0.662825
0.663875
0.664975
0.666150
0.667025
0.667950
0.669275
0.669325
0.669300
0.669675
0.669925
0.670050
0.670350
0.670350
0.670750
0.671575
0.671400
0.675000
0.680525
0.682950
0.683025
0.682375
0.681000
0.680225
0.678375
0.676875
0.676200
0.675550
0.675475
0.675050
0.674700
0.674125
0.671525
0.669500
0.670150
0.669625
0.669425
0.668400
0.667350
0.666575
0.665300
0.664100
0.663100
0.661275
0.660175
0.659125
0.657075
0.655525
0.653700
0.652100
0.650075
0.648200
0.646275
0.643825
0.641325
0.638975
0.636100
0.634925
-1.153575
-0.993300
-0.895850
-0.826000
-0.727400
-0.642650
-0.532800
-0.538775
-0.526900
-0.501125
-0.480700
-0.431700
-0.377175
-0.339725
-0.314400
-0.303850
-0.293325
-0.286550
-0.281675
-0.278075
-0.246175
-0.168750
-0.131275
-0.082650
0.021000
0.127300
0.224675
0.227250
0.319800
0.343975
0.404575
0.476750
0.482825
0.500575
0.554375
0.607450
0.620975
0.629600
0.669975
0.682175
0.684600
0.728800
0.740225
0.792675
0.837800
0.839775
0.876275
0.881100
0.916600
0.918050
0.938925
0.951075
0.962325
0.974850
0.979450
0.984750
0.986500
0.986700
0.988350
0.985150
0.984375
0.981250
0.974550
0.963950
0.952425
0.937825
0.923525
0.916075
0.912725
0.928250
0.963850
0.998150
1.032325
1.066625
1.095875
1.088500
1.058275
1.017325
0.980350
0.944725
0.907275
0.868000
0.826575
0.785250
0.753725
0.722550
0.682975
0.649375
0.615625
0.607700
0.603975
0.599525
0.598550
0.599300
0.600450
0.602225
0.603700
0.605675
0.608875
0.611375
0.613650
0.615200
0.616975
0.618275
0.619175
0.620125
0.621000
0.621725
0.621975
0.622350
0.622625
0.622725
0.623025
0.623375
0.623625
0.623600
0.623625
0.623700
0.623275
0.623100
0.622600
0.622200
0.622850
0.623450
0.624325
0.624850
0.625300
0.626075
0.626075
0.626175
0.626075
0.626375
0.626150
0.625925
0.625575
0.625250
0.625025
0.624575
0.623925
0.623025
0.622175
0.621225
0.620125
0.618650
0.617275
0.615200
0.613525
0.611150
0.608750
0.606100
0.603275
0.599675
0.596275
0.592425
0.588000
0.655875
0.654850
0.655275
0.656500
0.657475
0.658125
0.659150
0.660225
0.661300
0.662100
0.662975
0.663850
0.665150
0.665725
0.666700
0.667725
0.667825
0.668475
0.669550
0.670325
0.671175
0.671675
0.672650
0.673250
0.673525
0.673625
0.674375
0.674500
0.675100
0.675100
0.675250
0.675400
0.676275
0.675750
0.675725
0.674100
0.671625
0.669175
0.666800
0.665025
0.663125
0.661925
0.660375
0.659950
0.659750
0.659200
0.657525
0.656725
0.657650
0.659050
0.659750
0.659000
0.657725
0.656400
0.655000
0.653975
0.652625
0.651350
0.649950
0.648400
0.647025
0.645400
0.644050
0.642075
0.639825
0.637825
0.635500
0.633000
0.630500
0.628075
0.625400
0.622175
0.619175
0.616250
0.612525
0.608775
0.606600
0.610025
0.608850
0.604300
0.598650
0.593275
0.588575
0.590825
0.591650
-1.153550
-0.993275
-0.895825
-0.825625
-0.727275
-0.642325
-0.530000
-0.535975
-0.526350
-0.505025
-0.480550
-0.431475
-0.376875
-0.336800
-0.314050
-0.307275
-0.296225
-0.288975
-0.284000
-0.280325
-0.245800
-0.176850
-0.168300
-0.081775
0.022725
0.129200
0.176975
0.229675
0.318125
0.322425
0.380275
0.407800
0.434700
0.486375
0.524150
0.558275
0.571925
0.618350
0.624575
0.641075
0.676325
0.685825
0.693150
0.730775
0.743275
0.794150
0.815000
0.837425
0.865850
0.873125
0.881825
0.903350
0.912975
0.930275
0.936100
0.943725
0.945050
0.945625
0.942625
0.940175
0.939025
0.932575
0.921325
0.918275
0.912575
0.898600
0.885425
0.882925
0.881525
0.882025
0.915225
0.949425
0.983150
1.016275
1.040425
1.034075
1.006900
0.975750
0.940150
0.906975
0.864375
0.827225
0.788750
0.750050
0.710500
0.671350
0.636550
0.601225
0.590825
0.587375
0.584275
0.584125
0.585300
0.587125
0.588900
0.591075
0.593400
0.596200
0.598875
0.601550
0.603825
0.605350
0.607225
0.608650
0.609900
0.610875
0.611725
0.612400
0.612950
0.613400
0.614100
0.614225
0.614450
0.614225
0.613850
0.613375
0.613125
0.612700
0.612075
0.611675
0.612000
0.613250
0.614300
0.614850
0.615925
0.616425
0.616725
0.617175
0.617600
0.617675
0.617900
0.617925
0.617875
0.617600
0.617325
0.616900
0.616575
0.616500
0.615800
0.615000
0.614300
0.613700
0.612675
0.611325
0.610275
0.609150
0.607025
0.605600
0.603800
0.601475
0.599075
0.596025
0.592950
0.589150
0.585850
0.581900
0.577850
0.573875
0.568800
0.651400
0.650775
0.651100
0.652025
0.652950
0.653925
0.654925
0.655950
0.656650
0.657750
0.658600
0.659025
0.659475
0.660325
0.661200
0.661750
0.662650
0.662750
0.663775
0.664475
0.665225
0.665675
0.666500
0.667025
0.667575
0.667900
0.668275
0.668775
0.668650
0.668700
0.669025
0.668725
0.668800
0.669575
0.667850
0.665175
0.662600
0.660475
0.658375
0.656825
0.655000
0.653825
0.653250
0.653050
0.652175
0.650650
0.649625
0.650450
0.651900
0.652350
0.651300
0.649800
0.648650
0.647150
0.645950
0.644475
0.642925
0.641675
0.640225
0.638450
0.636950
0.635300
0.633550
0.631825
0.629675
0.627150
0.624700
0.622425
0.619600
0.616750
0.613975
0.610400
0.607200
0.603025
0.598825
0.594825
0.592925
0.592525
0.590625
0.585400
0.585525
0.585625
0.584475
0.583200
0.581800
0.588450
0.596125
0.590725
0.580500
0.572450
0.575300
-1.153175
-0.993275
-0.895800
-0.825600
-0.727150
-0.641950
-0.527575
-0.533525
-0.525725
-0.508575
-0.480375
-0.431225
-0.376575
-0.333850
-0.314000
-0.310375
-0.298750
-0.291400
-0.286325
-0.282225
-0.245375
-0.211600
-0.167475
-0.080475
0.024550
0.105850
0.131525
0.232550
0.273450
0.325900
0.338225
0.411575
0.455475
0.490150
0.537525
0.562475
0.583400
0.623250
0.628900
0.647400
0.679075
0.689925
0.695575
0.729250
0.746750
0.777825
0.794150
0.823450
0.831625
0.836375
0.859925
0.862100
0.880375
0.883550
0.890925
0.902350
0.903850
0.903500
0.902725
0.902250
0.895525
0.886425
0.877350
0.875100
0.864075
0.852800
0.852625
0.889950
0.913325
0.936000
0.969100
0.992725
0.983650
0.955050
0.916250
0.886025
0.847525
0.805525
0.765750
0.725625
0.692200
0.659050
0.621100
0.589625
0.574600
0.572925
0.570050
0.569375
0.570700
0.572750
0.575125
0.577475
0.580175
0.583025
0.586375
0.588950
0.591325
0.593725
0.595800
0.597600
0.599125
0.600325
0.601525
0.602625
0.603250
0.604200
0.604650
0.604875
0.604650
0.604725
0.604225
0.603675
0.603075
0.602025
0.601550
0.601350
0.601900
0.603475
0.604400
0.605550
0.606575
0.607475
0.608075
0.608675
0.609375
0.609525
0.609700
0.609700
0.609800
0.609625
0.609675
0.609575
0.609175
0.608750
0.608350
0.607800
0.607100
0.606425
0.605375
0.604425
0.603325
0.602000
0.600600
0.598950
0.597375
0.595800
0.593850
0.590850
0.587150
0.583875
0.580150
0.576325
0.572325
0.567500
0.562525
0.557200
0.551550
0.646700
0.645975
0.646350
0.647275
0.648125
0.649025
0.649975
0.650925
0.651900
0.652575
0.653700
0.654475
0.655300
0.655800
0.656675
0.657075
0.657625
0.658225
0.658850
0.659525
0.660250
0.660700
0.661225
0.661425
0.661775
0.662075
0.662150
0.662350
0.662675
0.662475
0.662525
0.662150
0.662050
0.662050
0.662725
0.661250
0.658650
0.656225
0.654050
0.652000
0.650150
0.648600
0.647225
0.646375
0.646525
0.645550
0.644150
0.642775
0.642700
0.643675
0.645450
0.644200
0.642925
0.641400
0.640150
0.638525
0.636900
0.635575
0.634225
0.632475
0.631075
0.629050
0.627200
0.625650
0.623825
0.621450
0.618950
0.616275
0.613725
0.610425
0.607450
0.603950
0.600350
0.596525
0.592475
0.587675
0.583000
0.580225
0.578725
0.576100
0.573300
0.571600
0.573700
0.576350
0.578850
0.581375
0.583550
0.585725
0.587650
0.589200
0.589725
0.588300
0.586325
0.584200
0.581675
0.579475
0.576825
0.574125
0.571750
0.568450
0.565000
0.567075
0.570325
0.573400
0.576300
0.578850
0.581275
0.583250
0.585150
0.587000
0.588800
0.590650
0.589400
0.587600
0.585500
0.583575
0.581200
0.579025
0.576550
0.578075
0.580525
0.582650
0.584900
0.585300
0.583225
0.581100
0.576875
0.571900
0.566650
0.560800
0.555000
0.558575
0.559125
-1.153150
-0.992925
-0.895425
-0.825575
-0.726975
-0.641550
-0.577675
-0.530725
-0.525375
-0.512125
-0.480175
-0.430950
-0.376200
-0.331250
-0.313550
-0.313450
-0.301650
-0.293800
-0.288300
-0.284475
-0.244900
-0.166600
-0.078750
0.011625
0.026800
0.054975
0.134325
0.235925
0.329575
0.413500
0.415575
0.465875
0.494575
0.498500
0.543325
0.567025
0.589250
0.624925
0.633625
0.650525
0.678825
0.694575
0.723200
0.748500
0.749200
0.790250
0.802425
0.820375
0.825050
0.839100
0.840325
0.847775
0.854550
0.859350
0.861650
0.856300
0.848650
0.841950
0.835050
0.826175
0.824550
0.849575
0.879625
0.907075
0.934750
0.952625
0.941700
0.918650
0.887350
0.852650
0.808350
0.769950
0.734625
0.697525
0.665325
0.627125
0.590000
0.561375
0.557900
0.554975
0.554100
0.556650
0.559775
0.563100
0.566550
0.570000
0.572100
0.575675
0.578325
0.581350
0.583500
0.585750
0.587375
0.588825
0.590450
0.591700
0.593150
0.594325
0.594650
0.594875
0.594325
0.593675
0.592900
0.592125
0.591175
0.590175
0.590625
0.591650
0.593550
0.595050
0.596175
0.597275
0.598450
0.599100
0.600000
0.600825
0.601050
0.601850
0.601875
0.601800
0.601950
0.601850
0.601975
0.601600
0.601375
0.600975
0.600225
0.599750
0.598850
0.598000
0.597025
0.596000
0.594775
0.593050
0.591600
0.590075
0.587875
0.585825
0.583750
0.579950
0.576275
0.572550
0.568300
0.563925
0.559100
0.554150
0.548575
0.542725
0.537000
0.535800
0.641450
0.640750
0.641100
0.642025
0.642800
0.643975
0.644850
0.645750
0.646675
0.647300
0.648350
0.649075
0.649850
0.650650
0.651075
0.651475
0.652000
0.652900
0.653525
0.654150
0.654525
0.654925
0.655375
0.655400
0.655625
0.655925
0.656325
0.656150
0.656425
0.656125
0.656025
0.655850
0.656050
0.654875
0.653325
0.650950
0.648125
0.646375
0.644325
0.642500
0.640850
0.639750
0.639550
0.639275
0.637925
0.636775
0.635550
0.636000
0.637775
0.638225
0.636900
0.635425
0.633875
0.632400
0.630700
0.629325
0.627925
0.626125
0.624625
0.622775
0.621025
0.619300
0.617275
0.615100
0.612700
0.610100
0.607300
0.604275
0.600550
0.596975
0.593225
0.589425
0.584675
0.580225
0.575325
0.570100
0.566125
0.569950
0.570600
0.571225
0.571150
0.570325
0.570600
0.570025
0.572075
0.572325
0.569800
0.565225
0.559425
0.551075
0.542475
0.537925
0.540300
-1.153125
-0.992900
-0.895400
-0.825525
-0.726450
-0.641100
-0.577025
-0.528300
-0.524575
-0.516025
-0.479950
-0.430650
-0.376150
-0.328300
-0.313175
-0.304200
-0.296225
-0.290625
-0.286400
-0.245125
-0.244425
-0.165325
-0.099600
-0.077300
-0.038150
0.029150
0.137250
0.199100
0.239500
0.312825
0.333450
0.372275
0.420200
0.425375
0.472450
0.499675
0.504975
0.545550
0.572350
0.591850
0.622525
0.638875
0.650325
0.675875
0.698150
0.699450
0.715725
0.737875
0.749000
0.752900
0.780825
0.791250
0.801850
0.801900
0.811475
0.812750
0.813025
0.813575
0.812325
0.809375
0.803150
0.798675
0.797675
0.817125
0.844450
0.872525
0.899650
0.917050
0.906250
0.881800
0.848025
0.812175
0.772775
0.735550
0.697275
0.659875
0.621100
0.581075
0.550175
0.540650
0.538775
0.537800
0.539875
0.543400
0.546500
0.550000
0.553500
0.556650
0.560050
0.563000
0.566550
0.569500
0.572025
0.574525
0.576725
0.578875
0.580825
0.582725
0.584525
0.584550
0.583750
0.582850
0.582400
0.581500
0.580150
0.579425
0.580525
0.582150
0.583900
0.585700
0.586925
0.588350
0.589650
0.590775
0.591500
0.592475
0.593150
0.593700
0.593875
0.594500
0.594400
0.594700
0.594650
0.594375
0.594225
0.593575
0.593325
0.592750
0.591850
0.591100
0.590350
0.589050
0.587975
0.586500
0.585100
0.583100
0.581075
0.578875
0.576975
0.573200
0.569275
0.565325
0.561325
0.556850
0.551825
0.546475
0.540825
0.534575
0.528325
0.521500
0.635700
0.635075
0.635450
0.636075
0.636425
0.637175
0.637975
0.638800
0.639675
0.640525
0.641450
0.642475
0.643150
0.643850
0.644600
0.645400
0.645400
0.646225
0.646725
0.647275
0.647850
0.648175
0.648875
0.649325
0.649425
0.649475
0.649725
0.649775
0.649925
0.649875
0.649975
0.649875
0.649400
0.649250
0.649600
0.648225
0.645375
0.643100
0.640775
0.638475
0.636925
0.635150
0.633300
0.633125
0.632925
0.631950
0.630275
0.629000
0.629675
0.630975
0.632025
0.630550
0.629150
0.627575
0.626250
0.624650
0.623125
0.621250
0.619750
0.617875
0.615950
0.614375
0.612150
0.610000
0.607875
0.605500
0.602950
0.599850
0.596150
0.591700
0.587775
0.583400
0.578525
0.573450
0.568525
0.563375
0.557975
0.564950
0.533500
0.527375
0.523150
0.522875
-1.153100
-0.992900
-0.895350
-0.825150
-0.726250
-0.640575
-0.576300
-0.525500
-0.524050
-0.519575
-0.479350
-0.430300
-0.375725
-0.325375
-0.312400
-0.307075
-0.299000
-0.292975
-0.288650
-0.250100
-0.243550
-0.164300
-0.142000
-0.075400
0.031975
0.128300
0.140675
0.151400
0.243575
0.268500
0.338250
0.421775
0.425150
0.432850
0.474250
0.505175
0.508175
0.545550
0.577400
0.578150
0.589975
0.619600
0.644375
0.647450
0.669800
0.691125
0.703475
0.706500
0.724875
0.737700
0.743275
0.758450
0.764350
0.774300
0.774550
0.775025
0.773500
0.772950
0.770600
0.771050
0.799975
0.827875
0.856000
0.880125
0.872825
0.847600
0.811750
0.793000
0.752050
0.711625
0.671900
0.627700
0.584100
0.541800
0.515825
0.513675
0.511650
0.511775
0.514250
0.517625
0.521800
0.526125
0.531350
0.536025
0.540875
0.546775
0.553375
0.557975
0.561100
0.563500
0.565375
0.567350
0.569225
0.570950
0.569750
0.568050
0.568975
0.571575
0.573950
0.575950
0.577750
0.579550
0.580850
0.582100
0.583400
0.584175
0.585100
0.585675
0.586200
0.586475
0.586825
0.587000
0.586900
0.586725
0.586925
0.586400
0.586125
0.586000
0.585250
0.584400
0.583650
0.582625
0.581675
0.579975
0.578825
0.577000
0.574850
0.572825
0.570925
0.567350
0.563550
0.559650
0.555250
0.550350
0.545125
0.539750
0.534075
0.527675
0.521125
0.514000
0.507025
0.630100
0.629550
0.629875
0.630500
0.631575
0.632325
0.633450
0.634225
0.635050
0.635900
0.636825
0.637475
0.638150
0.638850
0.639575
0.639600
0.640350
0.640800
0.641350
0.641925
0.642550
0.642900
0.643250
0.643300
0.643425
0.643675
0.643650
0.643725
0.643925
0.643850
0.643975
0.643575
0.643875
0.643575
0.642225
0.640500
0.637800
0.635475
0.632975
0.631250
0.629350
0.627550
0.626575
0.626375
0.625975
0.624250
0.622750
0.621750
0.622975
0.624125
0.625400
0.624250
0.622650
0.620975
0.619500
0.618000
0.616100
0.614575
0.612650
0.611025
0.609025
0.607325
0.605300
0.602975
0.600525
0.598575
0.595700
0.592625
0.589150
0.585175
0.581050
0.576925
0.572500
0.567425
0.562625
0.557400
0.552100
0.546600
0.539125
0.540900
0.547825
0.540525
0.533175
0.525200
0.516425
0.512525
0.515300
-1.153075
-0.992875
-0.976550
-0.895325
-0.825075
-0.726025
-0.640000
-0.575475
-0.523075
-0.479075
-0.430275
-0.322425
-0.372325
-0.311575
-0.309625
-0.301425
-0.295300
-0.290550
-0.255075
-0.242250
-0.181175
-0.162875
-0.073050
0.035275
0.077850
0.144650
0.222850
0.247900
0.321975
0.343400
0.381000
0.431150
0.435150
0.471125
0.504650
0.511500
0.541575
0.570350
0.584550
0.587625
0.613525
0.637175
0.650225
0.663300
0.681925
0.697600
0.705750
0.710400
0.720800
0.727575
0.731375
0.736125
0.743925
0.748075
0.773075
0.780375
0.807700
0.833275
0.840600
0.828375
0.793800
0.755175
0.716600
0.676625
0.640025
0.601225
0.564975
0.530325
0.509750
0.490350
0.488050
0.486625
0.488225
0.493400
0.500350
0.507625
0.514175
0.520500
0.525925
0.530900
0.535625
0.539975
0.544050
0.547625
0.551025
0.554175
0.556525
0.558950
0.561050
0.561700
0.561250
0.560750
0.562200
0.564625
0.566725
0.568450
0.570200
0.571675
0.572900
0.574425
0.575250
0.576300
0.576950
0.577500
0.577850
0.578125
0.578250
0.578325
0.578250
0.578300
0.577675
0.577325
0.576675
0.576025
0.575500
0.574250
0.573100
0.571675
0.569850
0.568425
0.566425
0.564050
0.561950
0.559325
0.555800
0.551500
0.547375
0.543075
0.538300
0.533050
0.527550
0.521800
0.515700
0.509300
0.502850
0.496125
0.491075
0.624025
0.623575
0.624175
0.624825
0.625550
0.626600
0.627300
0.628050
0.629150
0.629925
0.630800
0.631400
0.632350
0.633000
0.633350
0.633700
0.634050
0.634825
0.635275
0.635800
0.636400
0.636725
0.637075
0.637125
0.637225
0.637500
0.637525
0.637750
0.637500
0.637350
0.637050
0.637125
0.636850
0.635925
0.633800
0.631625
0.629400
0.627225
0.625475
0.623475
0.621475
0.619900
0.619600
0.619750
0.618075
0.616500
0.615500
0.617450
0.618475
0.616650
0.614525
0.612900
0.611150
0.609625
0.607700
0.606025
0.604225
0.602375
0.600400
0.598375
0.596325
0.593925
0.591600
0.589275
0.586500
0.583400
0.579075
0.573875
0.569325
0.564825
0.559700
0.554900
0.549700
0.544450
0.540025
0.537100
0.536225
0.537125
0.536075
0.534825
0.533550
0.532050
0.530225
0.531200
0.532350
0.533100
0.534150
0.535100
0.536225
0.536850
0.537475
0.538125
0.538200
0.537150
0.536600
0.535650
0.535050
0.534075
0.533100
0.532100
0.531100
0.530050
0.528975
0.527700
0.528050
0.529350
0.530500
0.531725
0.532725
0.533475
0.534450
0.535225
0.535950
0.536700
0.537400
0.537875
0.537225
0.536400
0.535825
0.534825
0.534150
0.533100
0.532175
0.532525
0.533525
0.534575
0.535275
0.534375
0.533300
0.532125
0.530600
0.529000
0.527725
0.529025
0.529500
0.530675
0.531325
0.532350
0.532900
0.534025
0.534650
0.535275
0.535650
0.535000
0.534150
0.533550
0.532625
0.531750
0.530775
0.529775
0.528775
0.527725
0.526625
0.525300
0.526425
0.527225
0.528275
0.529400
0.530225
0.531025
0.531575
0.531900
0.530225
0.528400
0.526800
0.523925
0.518400
0.512225
0.505075
0.499475
0.500525
0.502625
-1.152700
-0.992825
-0.894925
-0.824950
-0.725375
-0.639350
-0.609075
-0.574925
-0.522725
-0.478825
-0.478775
-0.429825
-0.319475
-0.363750
-0.310725
-0.303850
-0.297275
-0.292800
-0.260075
-0.241225
-0.216800
-0.161350
-0.098300
-0.070600
0.001200
0.038750
0.149150
0.175525
0.253175
0.278050
0.349525
0.413500
0.437950
0.466900
0.496600
0.518400
0.535450
0.563125
0.587825
0.591650
0.606275
0.627850
0.647400
0.656225
0.671300
0.685400
0.696775
0.706525
0.718125
0.722900
0.728800
0.735050
0.746450
0.752000
0.756850
0.770225
0.782125
0.783075
0.765350
0.716975
0.649700
0.600475
0.564100
0.540625
0.531525
0.497200
0.473025
0.472675
0.476525
0.482900
0.490600
0.497375
0.504175
0.510775
0.516350
0.521450
0.526450
0.530825
0.534725
0.538775
0.542075
0.545075
0.547950
0.550600
0.552950
0.554950
0.554900
0.554325
0.554375
0.556425
0.558875
0.560775
0.562650
0.564275
0.565700
0.567025
0.568225
0.568900
0.570025
0.570575
0.571150
0.571300
0.571650
0.571900
0.571825
0.571850
0.571450
0.570900
0.570600
0.569575
0.568825
0.567925
0.566750
0.565650
0.564050
0.561925
0.560225
0.558075
0.555650
0.553300
0.550600
0.546700
0.542350
0.537500
0.532575
0.527450
0.522100
0.516175
0.510125
0.503675
0.496800
0.489875
0.482625
0.479850
0.618725
0.618475
0.618675
0.619325
0.620375
0.621375
0.622025
0.623050
0.623750
0.624525
0.625350
0.626250
0.626850
0.627475
0.628125
0.628125
0.628800
0.629550
0.630025
0.630525
0.630725
0.631375
0.631350
0.631400
0.631875
0.631775
0.632175
0.632000
0.632050
0.631900
0.631625
0.631125
0.630675
0.629825
0.628000
0.625375
0.623200
0.620800
0.619025
0.616800
0.615075
0.613325
0.613475
0.611825
0.610225
0.608800
0.610875
0.612375
0.610725
0.608650
0.606975
0.605275
0.603500
0.601750
0.599925
0.598025
0.596025
0.594000
0.591500
0.589475
0.587250
0.584550
0.581750
0.578950
0.575525
0.570650
0.564700
0.559775
0.554475
0.548900
0.543500
0.538000
0.532150
0.527250
0.528750
0.522000
0.525000
0.524775
0.518625
0.513225
0.507650
0.501700
0.495250
0.487875
0.480900
0.482525
0.483975
-1.152650
-0.992425
-0.894875
-0.824425
-0.724975
-0.638525
-0.573900
-0.522325
-0.488775
-0.478425
-0.429350
-0.316875
-0.355175
-0.309775
-0.306275
-0.299600
-0.294725
-0.265050
-0.240125
-0.159400
-0.140725
-0.067650
-0.048925
0.042725
0.099700
0.154250
0.223575
0.259100
0.314625
0.356075
0.373225
0.435625
0.445275
0.459700
0.488100
0.514350
0.526300
0.528775
0.554400
0.576900
0.597825
0.599250
0.618025
0.635550
0.651050
0.660725
0.671225
0.681700
0.700300
0.711725
0.713850
0.719725
0.725000
0.732550
0.741500
0.745125
0.748400
0.750850
0.751775
0.745900
0.720850
0.668100
0.655250
0.639075
0.603100
0.564625
0.518675
0.478100
0.462975
0.462550
0.461675
0.465250
0.470875
0.477850
0.485050
0.491650
0.497325
0.503200
0.509075
0.514350
0.519200
0.524150
0.528200
0.531950
0.535750
0.539225
0.542075
0.544750
0.547400
0.549550
0.549800
0.548950
0.548600
0.550450
0.552675
0.554600
0.556500
0.558075
0.559775
0.560850
0.562075
0.563325
0.564050
0.564700
0.565125
0.565550
0.565575
0.566075
0.565825
0.565675
0.565450
0.564875
0.564750
0.563950
0.562775
0.562200
0.560750
0.559400
0.557975
0.555850
0.554025
0.551900
0.549425
0.545800
0.542375
0.537875
0.533400
0.528825
0.523800
0.518325
0.512650
0.507025
0.500425
0.494125
0.486875
0.479450
0.472600
0.470400
0.614000
0.613575
0.613725
0.614400
0.615450
0.616400
0.617375
0.618025
0.619050
0.619775
0.620525
0.621400
0.621950
0.622550
0.623175
0.623850
0.624550
0.624950
0.625400
0.625950
0.626175
0.626525
0.626600
0.626625
0.626800
0.627075
0.627175
0.627100
0.626825
0.626750
0.626225
0.625800
0.625550
0.624250
0.621925
0.619575
0.616925
0.614475
0.612425
0.610425
0.608875
0.607775
0.607925
0.607175
0.605375
0.603775
0.602625
0.603925
0.605750
0.606275
0.604450
0.602675
0.600975
0.599250
0.597575
0.595650
0.593750
0.591825
0.589850
0.587500
0.585525
0.583150
0.580500
0.577950
0.574825
0.571575
0.567700
0.562950
0.558700
0.553800
0.548925
0.543325
0.538000
0.531975
0.525675
0.519525
0.512425
0.507975
0.509950
0.511675
0.511425
0.509050
0.503200
0.494300
0.484375
0.475125
0.466675
0.471000
-1.152625
-0.992350
-0.894775
-0.824250
-0.724500
-0.638050
-0.573350
-0.563650
-0.521875
-0.498725
-0.478025
-0.449550
-0.428800
-0.313950
-0.346600
-0.308800
-0.308675
-0.301925
-0.296975
-0.270025
-0.238650
-0.178500
-0.157325
-0.088850
-0.064200
0.034275
0.047275
0.049300
0.145975
0.159950
0.176675
0.255100
0.266075
0.271475
0.338275
0.363800
0.396175
0.450500
0.453575
0.478425
0.503100
0.525875
0.535025
0.544000
0.565500
0.584975
0.602350
0.607250
0.623325
0.637225
0.649225
0.659400
0.663275
0.675000
0.691075
0.691350
0.705175
0.714650
0.718675
0.723100
0.725075
0.726350
0.725875
0.719950
0.707775
0.707000
0.693050
0.647250
0.609225
0.569875
0.530950
0.495250
0.464200
0.453275
0.452650
0.452100
0.456300
0.461925
0.469225
0.474750
0.481500
0.487175
0.493700
0.499650
0.505250
0.510375
0.515275
0.519900
0.523825
0.527625
0.531400
0.534375
0.537225
0.540075
0.542350
0.544425
0.544150
0.543450
0.543375
0.544850
0.547075
0.548500
0.549275
0.551200
0.552500
0.554250
0.555325
0.556600
0.557500
0.558225
0.558925
0.559325
0.559800
0.559825
0.559975
0.560075
0.559575
0.559725
0.559125
0.558650
0.557875
0.556675
0.555725
0.554300
0.552900
0.551500
0.549350
0.547125
0.544975
0.542150
0.538500
0.534650
0.530450
0.525925
0.520925
0.515850
0.510325
0.504575
0.498200
0.491850
0.484775
0.477825
0.470350
0.462800
0.461125
0.609225
0.609000
0.609125
0.610175
0.610850
0.611800
0.612725
0.613675
0.614675
0.615375
0.616125
0.616950
0.617800
0.618350
0.619000
0.618975
0.619600
0.620300
0.620700
0.621150
0.621700
0.621975
0.622250
0.622350
0.622450
0.622675
0.622725
0.622550
0.622550
0.622375
0.622025
0.621575
0.621825
0.620550
0.618650
0.616250
0.613625
0.611225
0.608700
0.606500
0.604525
0.602975
0.602875
0.602675
0.601250
0.599350
0.598000
0.597625
0.599575
0.601225
0.599825
0.597775
0.596025
0.594125
0.592200
0.590325
0.588450
0.586550
0.584250
0.582250
0.579850
0.577525
0.575100
0.572175
0.568900
0.565775
0.561750
0.557400
0.552500
0.547425
0.541975
0.536625
0.530700
0.524475
0.518475
0.512150
0.505525
0.500475
0.504150
0.492625
0.489525
0.491625
0.494300
0.497450
0.500000
0.502225
0.504700
0.507150
0.509375
0.507975
0.507900
0.508050
0.508975
0.505950
0.493800
0.480725
0.469125
0.457700
0.457900
0.458850
-1.152225
-0.991925
-0.894300
-0.823725
-0.724000
-0.637500
-0.572850
-0.551825
-0.521400
-0.508325
-0.477600
-0.470550
-0.428150
-0.311000
-0.338025
-0.307700
-0.304250
-0.298875
-0.275025
-0.245675
-0.236700
-0.214225
-0.154775
-0.132000
-0.060200
-0.015825
0.052775
0.095975
0.166350
0.208600
0.273525
0.295550
0.354250
0.372450
0.411900
0.458775
0.462975
0.467675
0.490925
0.532725
0.544400
0.553200
0.571525
0.588050
0.603075
0.614150
0.623200
0.633450
0.651550
0.666325
0.669450
0.679775
0.689575
0.697825
0.703400
0.704100
0.704325
0.698650
0.683750
0.660775
0.636150
0.609375
0.570000
0.507175
0.455975
0.443700
0.443050
0.444550
0.449375
0.456050
0.462850
0.469025
0.476425
0.483475
0.487675
0.492650
0.498600
0.503650
0.508825
0.513450
0.518100
0.521975
0.525500
0.528600
0.532025
0.534525
0.537225
0.539150
0.539000
0.538175
0.537875
0.539625
0.541975
0.544000
0.545750
0.547350
0.548450
0.550025
0.551100
0.552250
0.553000
0.553400
0.554150
0.554275
0.554575
0.554675
0.554350
0.554125
0.554000
0.553400
0.552775
0.551775
0.551000
0.549800
0.548250
0.546875
0.544950
0.542800
0.540900
0.537575
0.533950
0.530025
0.525775
0.521350
0.516400
0.511300
0.505800
0.500250
0.493900
0.487725
0.480700
0.473675
0.466175
0.458750
0.451850
0.605200
0.604875
0.604975
0.605675
0.606700
0.607625
0.608550
0.609500
0.610475
0.611125
0.612250
0.613050
0.613525
0.614400
0.614975
0.615575
0.616225
0.616600
0.617350
0.617475
0.618050
0.618375
0.618450
0.618450
0.618625
0.618600
0.618800
0.618450
0.618425
0.617825
0.617475
0.617250
0.616200
0.614375
0.611725
0.609125
0.606800
0.604250
0.602050
0.600100
0.598025
0.598025
0.597825
0.596350
0.594600
0.593025
0.592050
0.592100
0.593575
0.595125
0.596275
0.595225
0.593550
0.591475
0.589550
0.587550
0.585725
0.583525
0.581600
0.579300
0.577050
0.574775
0.572450
0.569800
0.566825
0.563425
0.560150
0.556350
0.551675
0.546100
0.540975
0.535575
0.529425
0.523500
0.516650
0.510200
0.504025
0.497675
0.493825
0.489850
0.478200
0.470050
0.462900
0.454850
0.452300
0.456150
-1.152175
-0.991850
-0.893825
-0.823500
-0.723050
-0.636900
-0.572300
-0.539975
-0.520825
-0.518275
-0.476925
-0.427450
-0.308050
-0.329450
-0.306175
-0.301150
-0.280000
-0.253150
-0.234975
-0.169625
-0.152075
-0.097950
-0.056025
0.036100
0.058900
0.127725
0.173825
0.228475
0.282500
0.311975
0.363500
0.382500
0.421025
0.464600
0.473675
0.498775
0.535225
0.552150
0.554775
0.557825
0.573850
0.587900
0.600125
0.619350
0.625950
0.641475
0.654850
0.667875
0.670925
0.671650
0.676525
0.676800
0.668850
0.645975
0.611525
0.573250
0.535275
0.496050
0.482050
0.467325
0.442125
0.434775
0.433200
0.434775
0.440125
0.446950
0.453950
0.460300
0.467875
0.475425
0.481975
0.488625
0.494225
0.499750
0.504800
0.509325
0.513225
0.517100
0.520800
0.524000
0.527000
0.529500
0.532150
0.533800
0.533875
0.532900
0.532350
0.534200
0.536175
0.538475
0.540275
0.541725
0.543350
0.544800
0.545850
0.546625
0.547625
0.548300
0.548975
0.548975
0.549175
0.549425
0.549025
0.549175
0.548600
0.548025
0.547625
0.546650
0.545650
0.544725
0.543000
0.541475
0.539650
0.537275
0.535075
0.532825
0.529325
0.525350
0.521075
0.516550
0.511500
0.506400
0.500950
0.495225
0.489200
0.482725
0.476000
0.468700
0.461350
0.453775
0.446425
0.443425
0.600125
0.599750
0.600150
0.600800
0.601750
0.602975
0.603825
0.605025
0.605925
0.606875
0.607550
0.608275
0.609050
0.609875
0.610450
0.610750
0.611300
0.611925
0.612275
0.613075
0.613225
0.613500
0.613700
0.613875
0.614000
0.614225
0.614250
0.614100
0.613775
0.613675
0.613350
0.612900
0.612025
0.612275
0.610775
0.608150
0.605625
0.603350
0.600825
0.598725
0.596400
0.594475
0.592725
0.592725
0.592875
0.590650
0.588550
0.586500
0.587775
0.590800
0.589900
0.587925
0.586225
0.584225
0.582250
0.580450
0.578425
0.576450
0.574050
0.571950
0.569450
0.566975
0.564475
0.561425
0.558050
0.554975
0.550600
0.546375
0.541750
0.536700
0.531375
0.525725
0.519775
0.513450
0.506925
0.499700
0.492475
0.485275
0.482325
0.479275
0.479675
0.481325
0.483575
0.485425
0.487150
0.488675
0.490400
0.492100
0.493400
0.494675
0.495775
0.494250
0.492800
0.491275
0.489700
0.488075
0.486450
0.484450
0.482800
0.480750
0.478300
0.476175
0.473900
0.471675
0.474075
0.476225
0.478350
0.480775
0.482900
0.484850
0.486775
0.488050
0.489925
0.489100
0.489650
0.489475
0.490750
0.489725
0.483225
0.474900
0.463250
0.453575
0.445500
0.451050
-1.151750
-0.991425
-0.893650
-0.822825
-0.722400
-0.636200
-0.571650
-0.528125
-0.520450
-0.476625
-0.429550
-0.427050
-0.305100
-0.320875
-0.304900
-0.303050
-0.284975
-0.260600
-0.232450
-0.206100
-0.149200
-0.141825
-0.050875
-0.014325
0.065725
0.078150
0.146025
0.182450
0.240125
0.290800
0.292450
0.322050
0.367650
0.393725
0.427750
0.465875
0.485225
0.502675
0.520125
0.549675
0.564900
0.573025
0.593475
0.609825
0.616200
0.623775
0.626700
0.629125
0.641925
0.649800
0.650150
0.639075
0.631575
0.619950
0.586275
0.549125
0.513725
0.477500
0.442750
0.425800
0.423150
0.422225
0.424050
0.429100
0.435100
0.442650
0.449025
0.455150
0.461100
0.468675
0.475800
0.482350
0.488125
0.493625
0.498975
0.503625
0.507700
0.511900
0.515300
0.518650
0.521725
0.524575
0.527200
0.527825
0.527350
0.526400
0.526800
0.529275
0.531300
0.533500
0.535325
0.537125
0.538500
0.539600
0.540925
0.541950
0.542475
0.543050
0.543725
0.544075
0.544000
0.544150
0.544075
0.543925
0.543250
0.542600
0.541975
0.540725
0.539700
0.538500
0.536625
0.535225
0.533075
0.530900
0.528525
0.525425
0.521425
0.517400
0.512825
0.508125
0.503225
0.497950
0.492475
0.486625
0.480525
0.474400
0.467575
0.460575
0.453550
0.446175
0.438875
0.435100
0.595525
0.595375
0.595700
0.596325
0.597550
0.598350
0.599450
0.600600
0.601400
0.602275
0.603250
0.603925
0.604650
0.605400
0.605925
0.606225
0.606725
0.607300
0.607950
0.608325
0.608750
0.608950
0.609225
0.609250
0.609300
0.609450
0.609450
0.609250
0.609325
0.608800
0.608550
0.608225
0.607025
0.607625
0.605550
0.602725
0.600300
0.597475
0.595150
0.592700
0.590425
0.588375
0.587425
0.587575
0.586600
0.584525
0.582850
0.581275
0.582775
0.584925
0.584625
0.582725
0.580475
0.578625
0.576400
0.574500
0.572600
0.570350
0.568000
0.565625
0.563225
0.560750
0.557975
0.554775
0.551475
0.548075
0.543700
0.539475
0.534600
0.529550
0.523775
0.518450
0.512250
0.505350
0.498575
0.492000
0.484850
0.475800
0.464950
0.491425
0.488950
0.490125
0.490650
0.491850
0.493000
0.494400
0.495275
0.496300
0.497325
0.498050
0.498525
0.497850
0.496500
0.495525
0.494500
0.493450
0.492025
0.490950
0.489500
0.488325
0.486650
0.486975
0.488300
0.489650
0.490700
0.490550
0.485225
0.488025
0.485150
0.477550
0.468700
0.457450
0.447325
0.437525
0.435800
0.437900
-1.151675
-0.991325
-0.944825
-0.893125
-0.822100
-0.721325
-0.635450
-0.570950
-0.519725
-0.475950
-0.451300
-0.426275
-0.312300
-0.358425
-0.303100
-0.289975
-0.267700
-0.240975
-0.230125
-0.176250
-0.145400
-0.066575
-0.045100
0.017900
0.073625
0.096500
0.155800
0.192325
0.194500
0.245625
0.292350
0.303875
0.326650
0.368925
0.406375
0.430300
0.465200
0.496375
0.498375
0.518800
0.545375
0.567025
0.572975
0.583800
0.590400
0.597800
0.609075
0.618625
0.623325
0.623025
0.622225
0.611375
0.581900
0.544350
0.504350
0.461075
0.426675
0.411175
0.411625
0.414900
0.421675
0.429150
0.435875
0.442175
0.448750
0.454700
0.462475
0.468100
0.473100
0.479350
0.485150
0.490250
0.494375
0.498675
0.502950
0.506825
0.510175
0.512625
0.514425
0.517575
0.520325
0.520825
0.520625
0.519600
0.519950
0.522425
0.524775
0.526950
0.529100
0.530550
0.532275
0.533400
0.534800
0.535775
0.536650
0.537250
0.537575
0.538300
0.538250
0.538450
0.538400
0.537950
0.537675
0.537075
0.536500
0.535675
0.534350
0.533225
0.531775
0.529775
0.527725
0.526000
0.523450
0.519775
0.516000
0.511825
0.507475
0.503000
0.497650
0.492300
0.486400
0.480525
0.474025
0.467200
0.460050
0.452725
0.445000
0.436950
0.429075
0.425525
0.591825
0.591550
0.592175
0.592775
0.593650
0.594750
0.595825
0.596875
0.597950
0.598775
0.599675
0.600650
0.601350
0.602100
0.602675
0.602925
0.603425
0.604000
0.604675
0.605075
0.605225
0.605475
0.605600
0.605825
0.605925
0.605775
0.605775
0.605600
0.605575
0.605325
0.604750
0.604150
0.603350
0.602850
0.601475
0.598725
0.596050
0.593150
0.590900
0.588500
0.586125
0.584125
0.582975
0.582775
0.582125
0.579975
0.577625
0.576425
0.579350
0.579900
0.578325
0.576450
0.574450
0.572275
0.570225
0.568350
0.565875
0.563400
0.561150
0.558875
0.556200
0.553200
0.550175
0.546750
0.543150
0.538850
0.533825
0.527775
0.521725
0.515475
0.508925
0.502100
0.494600
0.488325
0.480875
0.473725
0.465375
0.468200
0.490725
0.468250
0.480225
0.476200
0.467525
0.456600
0.444025
0.431800
0.423025
0.425675
0.425625
-1.151225
-0.990825
-0.892550
-0.821350
-0.720500
-0.634575
-0.570375
-0.561750
-0.519325
-0.493375
-0.475600
-0.472700
-0.425475
-0.303725
-0.340000
-0.301150
-0.294950
-0.275175
-0.250550
-0.227300
-0.212750
-0.158925
-0.141400
-0.111225
-0.038625
-0.032500
0.038350
0.082725
0.107050
0.161375
0.203575
0.247625
0.288800
0.316900
0.329100
0.367525
0.402650
0.420750
0.430550
0.462700
0.491775
0.512100
0.516125
0.538925
0.556700
0.564100
0.570900
0.581550
0.583150
0.592400
0.595925
0.596150
0.591575
0.568350
0.537350
0.502125
0.461325
0.424500
0.421775
0.412950
0.399175
0.399525
0.403225
0.410050
0.417925
0.425100
0.431475
0.438125
0.444450
0.452325
0.458075
0.463550
0.469925
0.476200
0.481750
0.485525
0.490325
0.495075
0.499100
0.502600
0.506275
0.509300
0.512425
0.513950
0.513875
0.512900
0.512775
0.515025
0.517400
0.519825
0.522125
0.523825
0.525525
0.526925
0.528225
0.529400
0.530400
0.531325
0.531750
0.532200
0.532650
0.532850
0.533000
0.532650
0.532450
0.531775
0.530950
0.530175
0.529250
0.528025
0.526425
0.524775
0.522950
0.520975
0.518300
0.514950
0.511125
0.507225
0.502950
0.498425
0.493275
0.488125
0.482225
0.476550
0.470225
0.463650
0.456925
0.449825
0.442375
0.434400
0.426650
0.418750
0.415550
0.588425
0.588500
0.588650
0.589575
0.590425
0.591500
0.592575
0.593650
0.594725
0.595525
0.596725
0.597325
0.598325
0.599025
0.599275
0.599825
0.600300
0.600850
0.601475
0.601850
0.601975
0.602200
0.602350
0.602550
0.602675
0.602650
0.602400
0.602275
0.602000
0.601600
0.601075
0.600450
0.599700
0.599300
0.597250
0.594425
0.591750
0.588900
0.586425
0.583850
0.581425
0.579500
0.578225
0.578025
0.577425
0.575275
0.573325
0.572850
0.573250
0.575450
0.574925
0.573000
0.570475
0.568400
0.566350
0.564275
0.562200
0.559725
0.557550
0.555000
0.552425
0.549525
0.546725
0.543500
0.540025
0.536050
0.531925
0.527825
0.523550
0.518675
0.513525
0.508000
0.502275
0.496425
0.488750
0.481800
0.474000
0.466600
0.465000
0.463675
0.463375
0.463125
0.462525
0.465600
0.479150
0.449225
0.418425
0.417625
-1.150750
-0.990325
-0.891925
-0.820500
-0.719375
-0.633625
-0.569650
-0.541850
-0.518525
-0.512050
-0.474925
-0.434000
-0.424650
-0.367850
-0.321550
-0.299050
-0.282625
-0.260450
-0.223900
-0.195825
-0.148675
-0.136775
-0.062375
-0.030700
-0.012375
0.048525
0.093425
0.112700
0.159925
0.203450
0.216700
0.244875
0.284150
0.320425
0.332150
0.364225
0.397250
0.426750
0.437025
0.459150
0.485025
0.507850
0.524025
0.529375
0.536975
0.544025
0.554900
0.564000
0.568550
0.565550
0.563325
0.543800
0.513000
0.478600
0.441125
0.407875
0.390425
0.386450
0.386400
0.388150
0.392650
0.398750
0.407400
0.414750
0.421350
0.428525
0.435100
0.441350
0.447750
0.454925
0.460450
0.465250
0.470025
0.475575
0.480625
0.484625
0.488825
0.493150
0.497125
0.500425
0.503525
0.506725
0.506400
0.505650
0.506425
0.509050
0.511750
0.514100
0.516375
0.517975
0.519675
0.521375
0.522725
0.523900
0.524925
0.525600
0.526350
0.526625
0.526775
0.527100
0.527000
0.527025
0.526575
0.525975
0.525225
0.524225
0.522975
0.521925
0.520175
0.518400
0.516550
0.514100
0.511625
0.509050
0.505350
0.501200
0.496725
0.492275
0.487225
0.482025
0.476275
0.470800
0.464625
0.458075
0.451525
0.444225
0.437200
0.429650
0.422275
0.414625
0.405950
0.585575
0.585325
0.585800
0.586350
0.587525
0.588550
0.589575
0.590600
0.591975
0.592725
0.593925
0.594825
0.595425
0.596450
0.596675
0.596875
0.597700
0.598200
0.598475
0.599175
0.599300
0.599525
0.599700
0.599525
0.599650
0.599625
0.599425
0.599000
0.598825
0.598425
0.597875
0.597200
0.596650
0.596250
0.594025
0.591325
0.587950
0.585325
0.582325
0.579950
0.577425
0.575350
0.573750
0.573900
0.572925
0.570775
0.568775
0.567675
0.569475
0.571425
0.570825
0.568375
0.565975
0.563750
0.561475
0.559175
0.556825
0.554425
0.552000
0.549525
0.546675
0.543850
0.540675
0.537400
0.533600
0.529700
0.525100
0.520150
0.514875
0.509625
0.503750
0.497400
0.491250
0.484425
0.476975
0.470150
0.462375
0.455075
0.449275
0.448350
0.444150
0.439325
0.434225
0.428725
0.425625
0.414275
0.398900
0.399125
