#    Z   log(age/yr)   logL/Lo   logTe   int_IMF   stage
0.01520 9.00000 -2.91070 3.49830 1.57040 0.00000
0.01520 9.00000 -2.65590 3.52590 1.74783 0.00000
0.01520 9.00000 -2.48340 3.54130 1.89585 0.00000
0.01520 9.00000 -2.34950 3.55180 2.02115 0.00000
0.01520 9.00000 -2.14850 3.56540 2.22178 0.00000
0.01520 9.00000 -1.96200 3.57620 2.40809 0.00000
0.01520 9.00000 -1.72940 3.58740 2.61602 0.00000
0.01520 9.00000 -1.74070 3.58670 2.60410 1.00000
0.01520 9.00000 -1.69310 3.58980 2.65552 1.00000
0.01520 9.00000 -1.63670 3.59200 2.69408 1.00000
0.01520 9.00000 -1.56950 3.59410 2.73792 1.00000
0.01520 9.00000 -1.56530 3.59430 2.74134 1.00000
0.01520 9.00000 -1.45970 3.60070 2.81098 1.00000
0.01520 9.00000 -1.34470 3.60810 2.86848 1.00000
0.01520 9.00000 -1.29600 3.61140 2.88458 1.00000
0.01520 9.00000 -1.22200 3.61730 2.91664 1.00000
0.01520 9.00000 -1.16920 3.62110 2.93237 1.00000
0.01520 9.00000 -1.15320 3.62240 2.93692 1.00000
0.01520 9.00000 -1.14260 3.62320 2.93985 1.00000
0.01520 9.00000 -1.13470 3.62380 2.94196 1.00000
0.01520 9.00000 -1.12870 3.62410 2.94354 1.00000
0.01520 9.00000 -1.09230 3.62740 2.95740 1.00000
0.01520 9.00000 -0.96010 3.64010 2.99237 1.00000
0.01520 9.00000 -0.82690 3.65460 3.02254 1.00000
0.01520 9.00000 -0.69170 3.67420 3.04880 1.00000
0.01520 9.00000 -0.56000 3.69430 3.07187 1.00000
0.01520 9.00000 -0.48050 3.70640 3.08489 1.00000
0.01520 9.00000 -0.43430 3.71350 3.09222 1.00000
0.01520 9.00000 -0.31460 3.73090 3.11026 1.00000
0.01520 9.00000 -0.26970 3.73710 3.11669 1.00000
0.01520 9.00000 -0.20020 3.74670 3.12636 1.00000
0.01520 9.00000 -0.18510 3.74860 3.12839 1.00000
0.01520 9.00000 -0.09010 3.76080 3.14080 1.00000
0.01520 9.00000 0.01630 3.77340 3.15381 1.00000
0.01520 9.00000 0.09400 3.78210 3.16273 1.00000
0.01520 9.00000 0.11920 3.78480 3.16554 1.00000
0.01520 9.00000 0.12050 3.78500 3.16568 1.00000
0.01520 9.00000 0.21830 3.79520 3.17618 1.00000
0.01520 9.00000 0.24150 3.79760 3.17856 1.00000
0.01520 9.00000 0.31430 3.80500 3.18586 1.00000
0.01520 9.00000 0.38960 3.81260 3.19320 1.00000
0.01520 9.00000 0.40550 3.81420 3.19470 1.00000
0.01520 9.00000 0.49180 3.82280 3.20281 1.00000
0.01520 9.00000 0.57410 3.83150 3.21023 1.00000
0.01520 9.00000 0.65250 3.84020 3.21706 1.00000
0.01520 9.00000 0.68720 3.84460 3.22000 1.00000
0.01520 9.00000 0.72780 3.84970 3.22335 1.00000
0.01520 9.00000 0.79510 3.85870 3.22875 1.00000
0.01520 9.00000 0.80050 3.85940 3.22917 1.00000
0.01520 9.00000 0.86990 3.86830 3.23457 1.00000
0.01520 9.00000 0.87020 3.86830 3.23459 1.00000
0.01520 9.00000 0.93110 3.87540 3.23914 1.00000
0.01520 9.00000 0.93710 3.87610 3.23958 1.00000
0.01520 9.00000 0.93730 3.87610 3.23960 1.00000
0.01520 9.00000 0.98530 3.88070 3.24304 1.00000
0.01520 9.00000 1.00270 3.88220 3.24424 1.00000
0.01520 9.00000 1.02320 3.88390 3.24564 1.00000
0.01520 9.00000 1.06220 3.88680 3.24822 1.00000
0.01520 9.00000 1.06770 3.88720 3.24858 1.00000
0.01520 9.00000 1.08890 3.88870 3.24994 1.00000
0.01520 9.00000 1.13190 3.89120 3.25262 1.00000
0.01520 9.00000 1.15930 3.89240 3.25427 1.00000
0.01520 9.00000 1.19580 3.89350 3.25639 1.00000
0.01520 9.00000 1.21890 3.89390 3.25770 1.00000
0.01520 9.00000 1.25150 3.89390 3.25949 1.00000
0.01520 9.00000 1.25960 3.89380 3.25993 1.00000
0.01520 9.00000 1.28770 3.89320 3.26143 1.00000
0.01520 9.00000 1.32240 3.89160 3.26324 1.00000
0.01520 9.00000 1.34600 3.89000 3.26444 1.00000
0.01520 9.00000 1.38290 3.88570 3.26628 1.00000
0.01520 9.00000 1.38430 3.88550 3.26635 1.00000
0.01520 9.00000 1.39690 3.88370 3.26697 1.00000
0.01520 9.00000 1.42770 3.87810 3.26849 1.00000
0.01520 9.00000 1.44370 3.87400 3.26928 1.00000
0.01520 9.00000 1.45740 3.87060 3.26993 1.00000
0.01520 9.00000 1.48200 3.86250 3.27112 1.00000
0.01520 9.00000 1.50080 3.85540 3.27203 1.00000
0.01520 9.00000 1.50610 3.85330 3.27229 1.00000
0.01520 9.00000 1.52300 3.84540 3.27310 1.00000
0.01520 9.00000 1.53920 3.83770 3.27382 1.00000
0.01520 9.00000 1.56290 3.83190 3.27462 1.00000
0.01520 9.00000 1.56480 3.83170 3.27468 1.00000
0.01520 9.00000 1.59190 3.83910 3.27505 1.00000
0.01520 9.00000 1.61270 3.84910 3.27517 1.00000
0.01520 9.00000 1.63170 3.85920 3.27522 1.00000
0.01520 9.00000 1.65120 3.86920 3.27525 1.00000
0.01520 9.00000 1.67240 3.87900 3.27527 1.00000
0.01520 9.00000 1.69470 3.88830 3.27528 1.00000
0.01520 9.00000 1.71810 3.89720 3.27529 1.00000
0.01520 9.00000 1.72430 3.90030 3.27529 2.00000
0.01520 9.00000 1.69290 3.89400 3.27530 2.00000
0.01520 9.00000 1.66600 3.88560 3.27530 2.00000
0.01520 9.00000 1.64940 3.87390 3.27530 2.00000
0.01520 9.00000 1.65100 3.86250 3.27531 2.00000
0.01520 9.00000 1.65990 3.85100 3.27531 2.00000
0.01520 9.00000 1.66670 3.83940 3.27532 2.00000
0.01520 9.00000 1.66980 3.82800 3.27532 2.00000
0.01520 9.00000 1.66960 3.81680 3.27533 2.00000
0.01520 9.00000 1.66660 3.80570 3.27534 2.00000
0.01520 9.00000 1.66040 3.79490 3.27535 2.00000
0.01520 9.00000 1.64840 3.78370 3.27536 2.00000
0.01520 9.00000 1.62780 3.77230 3.27538 2.00000
0.01520 9.00000 1.60470 3.76360 3.27539 2.00000
0.01520 9.00000 1.57430 3.75480 3.27541 2.00000
0.01520 9.00000 1.54310 3.74750 3.27542 2.00000
0.01520 9.00000 1.50350 3.73920 3.27544 2.00000
0.01520 9.00000 1.46820 3.73140 3.27545 2.00000
0.01520 9.00000 1.44490 3.72230 3.27547 2.00000
0.01520 9.00000 1.44830 3.71400 3.27549 3.00000
0.01520 9.00000 1.45450 3.71270 3.27549 3.00000
0.01520 9.00000 1.49140 3.70640 3.27551 3.00000
0.01520 9.00000 1.53730 3.70130 3.27553 3.00000
0.01520 9.00000 1.57640 3.69770 3.27554 3.00000
0.01520 9.00000 1.61680 3.69450 3.27556 3.00000
0.01520 9.00000 1.65780 3.69140 3.27557 3.00000
0.01520 9.00000 1.69860 3.68840 3.27559 3.00000
0.01520 9.00000 1.73920 3.68560 3.27560 3.00000
0.01520 9.00000 1.77910 3.68290 3.27562 3.00000
0.01520 9.00000 1.79900 3.68160 3.27562 3.00000
0.01520 9.00000 1.81880 3.68030 3.27563 3.00000
0.01520 9.00000 1.85840 3.67770 3.27564 3.00000
0.01520 9.00000 1.89820 3.67510 3.27566 3.00000
0.01520 9.00000 1.93760 3.67250 3.27567 3.00000
0.01520 9.00000 1.97740 3.66980 3.27568 3.00000
0.01520 9.00000 2.01740 3.66700 3.27570 3.00000
0.01520 9.00000 2.05750 3.66420 3.27571 3.00000
0.01520 9.00000 2.09660 3.66150 3.27572 3.00000
0.01520 9.00000 2.14150 3.65820 3.27573 3.00000
0.01520 9.00000 2.18120 3.65540 3.27575 3.00000
0.01520 9.00000 2.22820 3.65180 3.27576 3.00000
0.01520 9.00000 2.27030 3.64860 3.27577 3.00000
0.01520 9.00000 2.31270 3.64550 3.27578 3.00000
0.01520 9.00000 2.35700 3.64200 3.27580 3.00000
0.01520 9.00000 2.39510 3.63910 3.27581 3.00000
0.01520 9.00000 2.43850 3.63570 3.27582 3.00000
0.01520 9.00000 2.48310 3.63220 3.27584 3.00000
0.01520 9.00000 2.48440 3.63210 3.27584 4.00000
0.01520 9.00000 2.45180 3.63480 3.27584 4.00000
0.01520 9.00000 2.42150 3.63710 3.27584 4.00000
0.01520 9.00000 2.39120 3.63950 3.27585 4.00000
0.01520 9.00000 2.35090 3.64270 3.27585 4.00000
0.01520 9.00000 2.30170 3.64650 3.27585 4.00000
0.01520 9.00000 2.25060 3.65040 3.27585 4.00000
0.01520 9.00000 2.21140 3.65340 3.27585 4.00000
0.01520 9.00000 2.16280 3.65710 3.27586 4.00000
0.01520 9.00000 2.12430 3.66000 3.27586 4.00000
0.01520 9.00000 2.08590 3.66290 3.27586 4.00000
0.01520 9.00000 2.03850 3.66630 3.27587 4.00000
0.01520 9.00000 1.99090 3.66990 3.27588 4.00000
0.01520 9.00000 1.94280 3.67330 3.27589 4.00000
0.01520 9.00000 1.88720 3.67740 3.27591 4.00000
0.01520 9.00000 1.84140 3.68070 3.27592 4.00000
0.01520 9.00000 1.80210 3.68360 3.27594 4.00000
0.01520 9.00000 1.75400 3.68700 3.27596 4.00000
0.01520 9.00000 1.70420 3.69080 3.27599 4.00000
0.01520 9.00000 1.65570 3.69450 3.27603 4.00000
0.01520 9.00000 1.61690 3.69780 3.27610 4.00000
0.01520 9.00000 1.60650 3.69880 3.27613 5.00000
0.01520 9.00000 1.63200 3.69910 3.27706 5.00000
0.01520 9.00000 1.63730 3.69910 3.27724 5.00000
0.01520 9.00000 1.67930 3.69970 3.27863 5.00000
0.01520 9.00000 1.70630 3.69970 3.27937 5.00000
0.01520 9.00000 1.72180 3.69960 3.27978 5.00000
0.01520 9.00000 1.75920 3.69910 3.28069 5.00000
0.01520 9.00000 1.79740 3.69820 3.28155 5.00000
0.01520 9.00000 1.82530 3.69700 3.28211 6.00000
0.01520 9.00000 1.83980 3.69610 3.28236 6.00000
0.01520 9.00000 1.88650 3.69220 3.28300 6.00000
0.01520 9.00000 1.89640 3.69120 3.28309 7.00000
0.01520 9.00000 2.02290 3.68070 3.28331 7.00000
0.01520 9.00000 2.05320 3.67760 3.28353 7.00000
0.01520 9.00000 2.09600 3.67350 3.28359 7.00000
0.01520 9.00000 2.11230 3.67200 3.28361 7.00000
0.01520 9.00000 2.12200 3.67110 3.28362 7.00000
0.01520 9.00000 2.15210 3.66840 3.28363 7.00000
0.01520 9.00000 2.17800 3.66610 3.28363 7.00000
0.01520 9.00000 2.20510 3.66380 3.28364 7.00000
0.01520 9.00000 2.23080 3.66170 3.28364 7.00000
0.01520 9.00000 2.21570 3.66300 3.28364 7.00000
0.01520 9.00000 2.19640 3.66460 3.28365 7.00000
0.01520 9.00000 2.25740 3.65960 3.28371 7.00000
0.01520 9.00000 2.30340 3.65590 3.28374 7.00000
0.01520 9.00000 2.34980 3.65210 3.28377 7.00000
0.01520 9.00000 2.39530 3.64830 3.28379 7.00000
0.01520 9.00000 2.43630 3.64510 3.28381 7.00000
0.01520 9.00000 2.47460 3.64200 3.28382 7.00000
0.01520 9.00000 2.51120 3.63890 3.28383 7.00000
0.01520 9.00000 2.54290 3.63620 3.28384 7.00000
0.01520 9.00000 2.57660 3.63350 3.28384 7.00000
0.01520 9.00000 2.60720 3.63100 3.28385 7.00000
0.01520 9.00000 2.63860 3.62840 3.28386 7.00000
0.01520 9.00000 2.66970 3.62580 3.28387 7.00000
0.01520 9.00000 2.70070 3.62320 3.28387 7.00000
0.01520 9.00000 2.73260 3.62050 3.28388 7.00000
0.01520 9.00000 2.76430 3.61790 3.28389 7.00000
0.01520 9.00000 2.79910 3.61490 3.28389 7.00000
0.01520 9.00000 2.83740 3.61170 3.28390 7.00000
0.01520 9.00000 2.88150 3.60790 3.28391 7.00000
0.01520 9.00000 2.89260 3.60690 3.28391 8.00000
